MODEL EVALUATION RESULTS
Timestamp: 2025-06-02 22:29:55
Loss: 0.182473
Accuracy: 0.920000
