MODEL EVALUATION RESULTS
Timestamp: 2025-06-02 22:32:27
Loss: 0.635656
Accuracy: 0.291429
