MODEL EVALUATION RESULTS
Timestamp: 2025-06-09 19:09:27
Loss: 0.233975
Accuracy: 0.914286
