MODEL EVALUATION RESULTS
Timestamp: 2025-06-03 11:14:45
Loss: 0.691566
Accuracy: 0.291429
