MODEL EVALUATION RESULTS
Timestamp: 2025-06-03 11:37:23
Loss: 0.214339
Accuracy: 0.902857
