MODEL EVALUATION RESULTS
Timestamp: 2025-06-03 11:13:18
Loss: 0.371931
Accuracy: 0.834286
